{
    "camera_angle_x": 0.6911112070083618,
    "camera_angle_y": 0.4710899591445923,
    "fl_x": 177.77777777777777,
    "fl_y": 177.77777777777777,
    "k1": 0.0,
    "k2": 0.0,
    "p1": 0.0,
    "p2": 0.0,
    "cx": 64.0,
    "cy": 64.0,
    "w": 128.0,
    "h": 128.0,
    "aabb_scale": 4,
    "frames": [
        {
            "file_path": "images/output1.png",
            "transform_matrix": [
                [
                    -0.4492311179637909,
                    -0.6829999089241028,
                    -0.5759363174438477,
                    -1.1518726348876953
                ],
                [
                    -0.8934156894683838,
                    0.34342890977859497,
                    0.28959473967552185,
                    0.5791894793510437
                ],
                [
                    0.0,
                    0.6446453928947449,
                    -0.7644817233085632,
                    -1.5289634466171265
                ],
                [
                    0.0,
                    0.0,
                    0.0,
                    1.0
                ]
            ]
        },
        {
            "file_path": "images/output2.png",
            "transform_matrix": [
                [
                    0.9761326909065247,
                    0.09889437258243561,
                    -0.1933518350124359,
                    -0.3867036700248718
                ],
                [
                    -0.21717512607574463,
                    0.44449853897094727,
                    -0.8690546154975891,
                    -1.7381092309951782
                ],
                [
                    0.0,
                    0.8903037905693054,
                    0.45536699891090393,
                    0.9107339978218079
                ],
                [
                    0.0,
                    0.0,
                    0.0,
                    1.0
                ]
            ]
        },
        {
            "file_path": "images/output3.png",
            "transform_matrix": [
                [
                    -0.8685529828071594,
                    0.4715723395347595,
                    -0.152430921792984,
                    -0.30486181378364563
                ],
                [
                    -0.4955962896347046,
                    -0.8264500498771667,
                    0.2671414911746979,
                    0.534282922744751
                ],
                [
                    -1.4901159417490817e-08,
                    0.30757081508636475,
                    0.9515253305435181,
                    1.903050422668457
                ],
                [
                    0.0,
                    0.0,
                    0.0,
                    1.0
                ]
            ]
        },
        {
            "file_path": "images/output4.png",
            "transform_matrix": [
                [
                    0.7323104739189148,
                    0.17322801053524017,
                    0.6585692763328552,
                    1.3171385526657104
                ],
                [
                    0.6809709668159485,
                    -0.18628795444965363,
                    -0.7082198858261108,
                    -1.4164397716522217
                ],
                [
                    0.0,
                    0.9671033024787903,
                    -0.2543838918209076,
                    -0.5087677836418152
                ],
                [
                    0.0,
                    0.0,
                    0.0,
                    1.0
                ]
            ]
        },
        {
            "file_path": "images/output5.png",
            "transform_matrix": [
                [
                    -0.9968162775039673,
                    -0.019019844010472298,
                    0.07743135839700699,
                    0.15486271679401398
                ],
                [
                    0.07973311841487885,
                    -0.23778437077999115,
                    0.968039870262146,
                    1.936079740524292
                ],
                [
                    -1.862645371275562e-09,
                    0.9711316823959351,
                    0.23854385316371918,
                    0.47708770632743835
                ],
                [
                    0.0,
                    0.0,
                    0.0,
                    1.0
                ]
            ]
        },
        {
            "file_path": "images/output6.png",
            "transform_matrix": [
                [
                    0.4858560562133789,
                    -0.6807918548583984,
                    -0.5481480360031128,
                    -1.0962960720062256
                ],
                [
                    -0.8740389347076416,
                    -0.3784349262714386,
                    -0.3047015964984894,
                    -0.6094031929969788
                ],
                [
                    0.0,
                    0.6271438002586365,
                    -0.7789034843444824,
                    -1.5578069686889648
                ],
                [
                    0.0,
                    0.0,
                    0.0,
                    1.0
                ]
            ]
        },
        {
            "file_path": "images/output7.png",
            "transform_matrix": [
                [
                    -0.8957313299179077,
                    0.3531360626220703,
                    -0.27011173963546753,
                    -0.5402234792709351
                ],
                [
                    -0.4445958137512207,
                    -0.7114664912223816,
                    0.544196605682373,
                    1.088393211364746
                ],
                [
                    0.0,
                    0.607544481754303,
                    0.7942856550216675,
                    1.588571310043335
                ],
                [
                    0.0,
                    0.0,
                    0.0,
                    1.0
                ]
            ]
        },
        {
            "file_path": "images/output8.png",
            "transform_matrix": [
                [
                    -0.7305040955543518,
                    -0.5831766128540039,
                    -0.35534319281578064,
                    -0.7106863260269165
                ],
                [
                    -0.6829082369804382,
                    0.6238216161727905,
                    0.38010916113853455,
                    0.7602182030677795
                ],
                [
                    -1.4901157641133977e-08,
                    0.5203381180763245,
                    -0.8539604544639587,
                    -1.7079206705093384
                ],
                [
                    0.0,
                    0.0,
                    0.0,
                    1.0
                ]
            ]
        },
        {
            "file_path": "images/output9.png",
            "transform_matrix": [
                [
                    0.9250683784484863,
                    -0.30306634306907654,
                    0.2289087325334549,
                    0.4578174650669098
                ],
                [
                    0.3798004388809204,
                    0.7381694316864014,
                    -0.5575460195541382,
                    -1.1150920391082764
                ],
                [
                    0.0,
                    0.6027078628540039,
                    0.797961950302124,
                    1.595923900604248
                ],
                [
                    0.0,
                    0.0,
                    0.0,
                    1.0
                ]
            ]
        },
        {
            "file_path": "images/output10.png",
            "transform_matrix": [
                [
                    0.24679920077323914,
                    -0.6529318690299988,
                    0.7160797715187073,
                    1.4321595430374146
                ],
                [
                    0.9690666198730469,
                    0.1662868708372116,
                    -0.182369202375412,
                    -0.364738404750824
                ],
                [
                    0.0,
                    0.7389376163482666,
                    0.6737738847732544,
                    1.3475477695465088
                ],
                [
                    0.0,
                    0.0,
                    0.0,
                    1.0
                ]
            ]
        },
        {
            "file_path": "images/output11.png",
            "transform_matrix": [
                [
                    0.01313095260411501,
                    -0.9838348031044006,
                    0.17859651148319244,
                    0.3571930229663849
                ],
                [
                    0.9999138116836548,
                    0.012919802218675613,
                    -0.002345344517379999,
                    -0.004690689034759998
                ],
                [
                    0.0,
                    0.17861180007457733,
                    0.983919620513916,
                    1.967839241027832
                ],
                [
                    0.0,
                    0.0,
                    0.0,
                    1.0
                ]
            ]
        },
        {
            "file_path": "images/output12.png",
            "transform_matrix": [
                [
                    -0.9643366932868958,
                    0.24741803109645844,
                    0.09401638060808182,
                    0.18803276121616364
                ],
                [
                    0.26467859745025635,
                    0.9014491438865662,
                    0.3425416648387909,
                    0.6850833296775818
                ],
                [
                    0.0,
                    0.3552095890045166,
                    -0.9347866773605347,
                    -1.8695733547210693
                ],
                [
                    0.0,
                    0.0,
                    0.0,
                    1.0
                ]
            ]
        },
        {
            "file_path": "images/output13.png",
            "transform_matrix": [
                [
                    -0.9996769428253174,
                    -0.01378939114511013,
                    -0.021349363029003143,
                    -0.04269872233271599
                ],
                [
                    -0.02541539818048477,
                    0.5423852205276489,
                    0.8397454619407654,
                    1.6794906854629517
                ],
                [
                    0.0,
                    0.8400167226791382,
                    -0.5425605773925781,
                    -1.0851210355758667
                ],
                [
                    0.0,
                    0.0,
                    0.0,
                    1.0
                ]
            ]
        },
        {
            "file_path": "images/output14.png",
            "transform_matrix": [
                [
                    0.43274691700935364,
                    -0.09977364540100098,
                    0.8959773182868958,
                    1.7919546365737915
                ],
                [
                    0.9015154838562012,
                    0.04789350554347038,
                    -0.43008849024772644,
                    -0.8601769804954529
                ],
                [
                    0.0,
                    0.9938568472862244,
                    0.11067324876785278,
                    0.22134649753570557
                ],
                [
                    0.0,
                    0.0,
                    0.0,
                    1.0
                ]
            ]
        },
        {
            "file_path": "images/output15.png",
            "transform_matrix": [
                [
                    0.9361797571182251,
                    -0.00613915640860796,
                    0.3514682948589325,
                    0.7029365301132202
                ],
                [
                    0.35152187943458557,
                    0.01634991727769375,
                    -0.936037003993988,
                    -1.872073769569397
                ],
                [
                    0.0,
                    0.999847412109375,
                    0.01746451109647751,
                    0.03492901846766472
                ],
                [
                    0.0,
                    0.0,
                    0.0,
                    1.0
                ]
            ]
        },
        {
            "file_path": "images/output16.png",
            "transform_matrix": [
                [
                    0.9969488978385925,
                    0.023080974817276,
                    -0.07456733286380768,
                    -0.14913466572761536
                ],
                [
                    -0.07805779576301575,
                    0.294788658618927,
                    -0.952368974685669,
                    -1.904737949371338
                ],
                [
                    0.0,
                    0.9552837610244751,
                    0.2956908345222473,
                    0.5913816690444946
                ],
                [
                    0.0,
                    0.0,
                    0.0,
                    1.0
                ]
            ]
        },
        {
            "file_path": "images/output17.png",
            "transform_matrix": [
                [
                    0.9496538043022156,
                    0.27179524302482605,
                    -0.15583708882331848,
                    -0.31167417764663696
                ],
                [
                    -0.31330153346061707,
                    0.8238433003425598,
                    -0.4723604917526245,
                    -0.944720983505249
                ],
                [
                    0.0,
                    0.49740278720855713,
                    0.8675196766853333,
                    1.7350393533706665
                ],
                [
                    0.0,
                    0.0,
                    0.0,
                    1.0
                ]
            ]
        },
        {
            "file_path": "images/output18.png",
            "transform_matrix": [
                [
                    0.5052980184555054,
                    -0.7356524467468262,
                    0.4510980546474457,
                    0.9021961092948914
                ],
                [
                    0.8629449605941772,
                    0.43076181411743164,
                    -0.264140784740448,
                    -0.528281569480896
                ],
                [
                    0.0,
                    0.522742509841919,
                    0.8524906039237976,
                    1.7049812078475952
                ],
                [
                    0.0,
                    0.0,
                    0.0,
                    1.0
                ]
            ]
        },
        {
            "file_path": "images/output19.png",
            "transform_matrix": [
                [
                    -0.3442153334617615,
                    0.9271135926246643,
                    -0.14824379980564117,
                    -0.29648759961128235
                ],
                [
                    -0.9388907551765442,
                    -0.33989763259887695,
                    0.05434902384877205,
                    0.1086980476975441
                ],
                [
                    0.0,
                    0.15789224207401276,
                    0.9874563217163086,
                    1.9749126434326172
                ],
                [
                    0.0,
                    0.0,
                    0.0,
                    1.0
                ]
            ]
        },
        {
            "file_path": "images/output20.png",
            "transform_matrix": [
                [
                    -0.8395236134529114,
                    0.42760372161865234,
                    0.3351943790912628,
                    0.6703886985778809
                ],
                [
                    0.5433233380317688,
                    0.6607178449630737,
                    0.517930269241333,
                    1.0358604192733765
                ],
                [
                    0.0,
                    0.6169334650039673,
                    -0.7870153784751892,
                    -1.5740305185317993
                ],
                [
                    0.0,
                    0.0,
                    0.0,
                    1.0
                ]
            ]
        },
        {
            "file_path": "images/output21.png",
            "transform_matrix": [
                [
                    -0.9966616630554199,
                    0.01712149754166603,
                    0.07982742786407471,
                    0.15965484082698822
                ],
                [
                    0.08164289593696594,
                    0.2090119570493698,
                    0.9744991660118103,
                    1.9489980936050415
                ],
                [
                    -1.862645149230957e-09,
                    0.9777631163597107,
                    -0.20971205830574036,
                    -0.41942405700683594
                ],
                [
                    0.0,
                    0.0,
                    0.0,
                    1.0
                ]
            ]
        },
        {
            "file_path": "images/output22.png",
            "transform_matrix": [
                [
                    -0.9940759539604187,
                    0.10218002647161484,
                    -0.03704361617565155,
                    -0.0740872323513031
                ],
                [
                    -0.10868756473064423,
                    -0.934556782245636,
                    0.3388075530529022,
                    0.6776151061058044
                ],
                [
                    3.725290298461914e-09,
                    0.3408265709877014,
                    0.9401261806488037,
                    1.8802523612976074
                ],
                [
                    0.0,
                    0.0,
                    0.0,
                    1.0
                ]
            ]
        },
        {
            "file_path": "images/output23.png",
            "transform_matrix": [
                [
                    0.9439660906791687,
                    -0.20354962348937988,
                    -0.2597993016242981,
                    -0.5195986032485962
                ],
                [
                    -0.33004260063171387,
                    -0.5821791887283325,
                    -0.7430607676506042,
                    -1.4861215353012085
                ],
                [
                    -1.4901161193847656e-08,
                    0.7871689796447754,
                    -0.616737425327301,
                    -1.233474850654602
                ],
                [
                    0.0,
                    0.0,
                    0.0,
                    1.0
                ]
            ]
        },
        {
            "file_path": "images/output24.png",
            "transform_matrix": [
                [
                    0.9682348370552063,
                    -0.18608656525611877,
                    -0.16701248288154602,
                    -0.33402496576309204
                ],
                [
                    -0.25004273653030396,
                    -0.7205787897109985,
                    -0.6467186212539673,
                    -1.2934372425079346
                ],
                [
                    -7.450580596923828e-09,
                    0.6679356694221497,
                    -0.7442190051078796,
                    -1.4884380102157593
                ],
                [
                    0.0,
                    0.0,
                    0.0,
                    1.0
                ]
            ]
        },
        {
            "file_path": "images/output25.png",
            "transform_matrix": [
                [
                    0.94266676902771,
                    0.30816811323165894,
                    -0.12810848653316498,
                    -0.25621697306632996
                ],
                [
                    -0.33373546600341797,
                    0.8704494833946228,
                    -0.36185431480407715,
                    -0.7237086296081543
                ],
                [
                    7.4505797087454084e-09,
                    0.38386237621307373,
                    0.9233903288841248,
                    1.8467806577682495
                ],
                [
                    0.0,
                    0.0,
                    0.0,
                    1.0
                ]
            ]
        },
        {
            "file_path": "images/output26.png",
            "transform_matrix": [
                [
                    -0.37588566541671753,
                    -0.5469391942024231,
                    -0.7480424642562866,
                    -1.4960849285125732
                ],
                [
                    -0.9266661405563354,
                    0.22185616195201874,
                    0.30343011021614075,
                    0.6068602204322815
                ],
                [
                    0.0,
                    0.8072405457496643,
                    -0.5902225375175476,
                    -1.1804450750350952
                ],
                [
                    0.0,
                    0.0,
                    0.0,
                    1.0
                ]
            ]
        },
        {
            "file_path": "images/output27.png",
            "transform_matrix": [
                [
                    0.7001842260360718,
                    0.12105601280927658,
                    -0.7036246061325073,
                    -1.4072492122650146
                ],
                [
                    -0.7139623165130615,
                    0.11871986091136932,
                    -0.6900460124015808,
                    -1.3800920248031616
                ],
                [
                    0.0,
                    0.9855207204818726,
                    0.169555202126503,
                    0.339110404253006
                ],
                [
                    0.0,
                    0.0,
                    0.0,
                    1.0
                ]
            ]
        },
        {
            "file_path": "images/output28.png",
            "transform_matrix": [
                [
                    -0.18790531158447266,
                    0.6235909461975098,
                    -0.7588320374488831,
                    -1.5176640748977661
                ],
                [
                    -0.9821872115135193,
                    -0.11930113285779953,
                    0.1451745331287384,
                    0.2903490662574768
                ],
                [
                    0.0,
                    0.7725940942764282,
                    0.6349002718925476,
                    1.2698005437850952
                ],
                [
                    0.0,
                    0.0,
                    0.0,
                    1.0
                ]
            ]
        },
        {
            "file_path": "images/output29.png",
            "transform_matrix": [
                [
                    0.07605092972517014,
                    -0.9486788511276245,
                    0.3069601058959961,
                    0.6139202117919922
                ],
                [
                    0.9971039295196533,
                    0.07235746085643768,
                    -0.02341240458190441,
                    -0.04682480916380882
                ],
                [
                    0.0,
                    0.3078516125679016,
                    0.9514343738555908,
                    1.9028687477111816
                ],
                [
                    0.0,
                    0.0,
                    0.0,
                    1.0
                ]
            ]
        },
        {
            "file_path": "images/output30.png",
            "transform_matrix": [
                [
                    -0.7736030220985413,
                    0.04554135352373123,
                    -0.6320319771766663,
                    -1.2640639543533325
                ],
                [
                    -0.6336706280708313,
                    -0.055598173290491104,
                    0.7716025114059448,
                    1.5432050228118896
                ],
                [
                    -3.725290742551124e-09,
                    0.9974139928817749,
                    0.0718691349029541,
                    0.1437382698059082
                ],
                [
                    0.0,
                    0.0,
                    0.0,
                    1.0
                ]
            ]
        },
        {
            "file_path": "images/output31.png",
            "transform_matrix": [
                [
                    -0.32471874356269836,
                    0.07125861197710037,
                    -0.9431224465370178,
                    -1.8862448930740356
                ],
                [
                    -0.9458107352256775,
                    -0.024464735761284828,
                    0.32379579544067383,
                    0.6475915908813477
                ],
                [
                    -1.862645371275562e-09,
                    0.9971578121185303,
                    0.07534131407737732,
                    0.15068262815475464
                ],
                [
                    0.0,
                    0.0,
                    0.0,
                    1.0
                ]
            ]
        },
        {
            "file_path": "images/output32.png",
            "transform_matrix": [
                [
                    -0.775143563747406,
                    0.011665699072182178,
                    -0.6316774487495422,
                    -1.263354778289795
                ],
                [
                    -0.6317850947380066,
                    -0.014312765561044216,
                    0.7750115394592285,
                    1.550022840499878
                ],
                [
                    0.0,
                    0.9998294711112976,
                    0.018464665859937668,
                    0.03692932799458504
                ],
                [
                    0.0,
                    0.0,
                    0.0,
                    1.0
                ]
            ]
        },
        {
            "file_path": "images/output33.png",
            "transform_matrix": [
                [
                    0.9966965317726135,
                    -0.07778912782669067,
                    -0.023342061787843704,
                    -0.04668412357568741
                ],
                [
                    -0.0812157616019249,
                    -0.9546442627906799,
                    -0.2864586114883423,
                    -0.5729172229766846
                ],
                [
                    0.0,
                    0.28740790486335754,
                    -0.957808256149292,
                    -1.915616512298584
                ],
                [
                    0.0,
                    0.0,
                    0.0,
                    1.0
                ]
            ]
        },
        {
            "file_path": "images/output34.png",
            "transform_matrix": [
                [
                    0.8870217204093933,
                    -0.4394250810146332,
                    -0.14176809787750244,
                    -0.2835361957550049
                ],
                [
                    -0.46172788739204407,
                    -0.8441759347915649,
                    -0.2723495364189148,
                    -0.5446990728378296
                ],
                [
                    0.0,
                    0.3070383071899414,
                    -0.9516971707344055,
                    -1.903394341468811
                ],
                [
                    0.0,
                    0.0,
                    0.0,
                    1.0
                ]
            ]
        },
        {
            "file_path": "images/output35.png",
            "transform_matrix": [
                [
                    0.1018557921051979,
                    0.03480762988328934,
                    -0.9941900372505188,
                    -1.9883800745010376
                ],
                [
                    -0.9947991967201233,
                    0.003563893726095557,
                    -0.10179342329502106,
                    -0.20358684659004211
                ],
                [
                    -2.3283064365386963e-10,
                    0.9993876814842224,
                    0.034989602863788605,
                    0.06997920572757721
                ],
                [
                    0.0,
                    0.0,
                    0.0,
                    1.0
                ]
            ]
        },
        {
            "file_path": "images/output36.png",
            "transform_matrix": [
                [
                    -0.9510763883590698,
                    -0.23437008261680603,
                    0.2013065665960312,
                    0.4026130735874176
                ],
                [
                    0.30895575881004333,
                    -0.7214750051498413,
                    0.6196936368942261,
                    1.2393871545791626
                ],
                [
                    0.0,
                    0.651570737361908,
                    0.7585879564285278,
                    1.5171756744384766
                ],
                [
                    0.0,
                    0.0,
                    0.0,
                    1.0
                ]
            ]
        },
        {
            "file_path": "images/output37.png",
            "transform_matrix": [
                [
                    -0.605461835861206,
                    -0.3319557309150696,
                    0.7233404517173767,
                    1.4466809034347534
                ],
                [
                    0.7958743572235107,
                    -0.25253546237945557,
                    0.5502815842628479,
                    1.1005631685256958
                ],
                [
                    -1.4901161193847656e-08,
                    0.9088625907897949,
                    0.41709569096565247,
                    0.8341913819313049
                ],
                [
                    0.0,
                    0.0,
                    0.0,
                    1.0
                ]
            ]
        },
        {
            "file_path": "images/output38.png",
            "transform_matrix": [
                [
                    -0.912879228591919,
                    -0.20541231334209442,
                    0.3527851700782776,
                    0.7055703401565552
                ],
                [
                    0.40822985768318176,
                    -0.4593408405780792,
                    0.7888944149017334,
                    1.5777888298034668
                ],
                [
                    1.4901162970204496e-08,
                    0.8641826510429382,
                    0.5031781196594238,
                    1.0063562393188477
                ],
                [
                    0.0,
                    0.0,
                    0.0,
                    1.0
                ]
            ]
        },
        {
            "file_path": "images/output39.png",
            "transform_matrix": [
                [
                    -0.9875361919403076,
                    0.12179248034954071,
                    0.0996941551566124,
                    0.1993883103132248
                ],
                [
                    0.15739229321479797,
                    0.7641701102256775,
                    0.6255171895027161,
                    1.2510343790054321
                ],
                [
                    -7.450580596923828e-09,
                    0.6334119439125061,
                    -0.7738147974014282,
                    -1.5476295948028564
                ],
                [
                    0.0,
                    0.0,
                    0.0,
                    1.0
                ]
            ]
        },
        {
            "file_path": "images/output40.png",
            "transform_matrix": [
                [
                    -0.2554885447025299,
                    -0.41847890615463257,
                    0.8715509176254272,
                    1.7431018352508545
                ],
                [
                    0.9668121933937073,
                    -0.11058671027421951,
                    0.2303149402141571,
                    0.4606298804283142
                ],
                [
                    0.0,
                    0.9014687538146973,
                    0.4328441023826599,
                    0.8656882047653198
                ],
                [
                    0.0,
                    0.0,
                    0.0,
                    1.0
                ]
            ]
        },
        {
            "file_path": "images/output41.png",
            "transform_matrix": [
                [
                    -0.8745618462562561,
                    -0.20085208117961884,
                    -0.44136151671409607,
                    -0.8827230334281921
                ],
                [
                    -0.4849139451980591,
                    0.3622448444366455,
                    0.7960132956504822,
                    1.5920265913009644
                ],
                [
                    1.4901159417490817e-08,
                    0.9101852774620056,
                    -0.4142014682292938,
                    -0.8284029364585876
                ],
                [
                    0.0,
                    0.0,
                    0.0,
                    1.0
                ]
            ]
        },
        {
            "file_path": "images/output42.png",
            "transform_matrix": [
                [
                    0.7633563280105591,
                    0.3933921456336975,
                    0.5123767256736755,
                    1.0247533321380615
                ],
                [
                    0.6459777355194092,
                    -0.46487414836883545,
                    -0.6054790616035461,
                    -1.2109580039978027
                ],
                [
                    -1.4901161193847656e-08,
                    0.7931800484657288,
                    -0.6089871525764465,
                    -1.2179741859436035
                ],
                [
                    0.0,
                    0.0,
                    0.0,
                    1.0
                ]
            ]
        },
        {
            "file_path": "images/output43.png",
            "transform_matrix": [
                [
                    0.99825119972229,
                    -0.01594710536301136,
                    -0.056924477219581604,
                    -0.11384893953800201
                ],
                [
                    -0.05911604315042496,
                    -0.2692876160144806,
                    -0.9612438082695007,
                    -1.9224873781204224
                ],
                [
                    0.0,
                    0.9629277586936951,
                    -0.2697594165802002,
                    -0.5395187735557556
                ],
                [
                    0.0,
                    0.0,
                    0.0,
                    1.0
                ]
            ]
        },
        {
            "file_path": "images/output44.png",
            "transform_matrix": [
                [
                    -0.7357610464096069,
                    -0.659896969795227,
                    -0.1522882580757141,
                    -0.3045765161514282
                ],
                [
                    -0.6772412061691284,
                    0.7169180512428284,
                    0.16544733941555023,
                    0.33089467883110046
                ],
                [
                    0.0,
                    0.22486557066440582,
                    -0.9743897914886475,
                    -1.948779582977295
                ],
                [
                    0.0,
                    0.0,
                    0.0,
                    1.0
                ]
            ]
        },
        {
            "file_path": "images/output45.png",
            "transform_matrix": [
                [
                    -0.013364438898861408,
                    0.13300098478794098,
                    -0.9910258054733276,
                    -1.9820516109466553
                ],
                [
                    -0.9999107122421265,
                    -0.0017776422901079059,
                    0.013245686888694763,
                    0.026491373777389526
                ],
                [
                    0.0,
                    0.9911143183708191,
                    0.13301286101341248,
                    0.26602572202682495
                ],
                [
                    0.0,
                    0.0,
                    0.0,
                    1.0
                ]
            ]
        },
        {
            "file_path": "images/output46.png",
            "transform_matrix": [
                [
                    -0.7914509773254395,
                    -0.25325480103492737,
                    0.5562979578971863,
                    1.1125959157943726
                ],
                [
                    0.6112326979637146,
                    -0.327925443649292,
                    0.7203190326690674,
                    1.4406380653381348
                ],
                [
                    0.0,
                    0.9101247191429138,
